1
#ff0000
8
41
124
81
176
31
41
81
41
81
42
81
44
81
46
81
50
81
53
83
54
85
57
87
61
91
65
94
68
98
71
101
75
105
77
108
80
112
86
121
90
127
92
130
96
136
101
142
105
149
109
155
113
160
117
164
118
166
120
168
123
171
123
172
124
174
124
176
1
#0000ff
3
27
182
320
398
27
27
320
28
320
31
320
36
320
43
323
53
326
77
338
92
344
99
348
113
355
129
365
143
373
147
376
156
381
165
387
166
387
172
390
175
392
178
394
179
394
180
395
181
395
181
395
182
395
182
395
182
396
182
398
2
#00ff00
8
213
361
114
226
24
213
114
214
115
218
117
223
122
231
127
241
134
254
145
266
153
280
164
292
174
296
177
305
183
314
190
321
194
326
198
331
201
335
203
339
205
344
208
347
210
351
212
354
216
358
221
361
226
3
#0000ff
3
551
418
134
338
28
551
134
550
134
549
136
546
140
541
147
534
156
525
167
507
190
496
208
481
230
477
236
464
256
454
273
450
278
443
291
437
302
433
308
433
310
430
314
428
317
427
320
425
325
424
325
423
329
421
331
421
333
419
335
418
338
